3,1314,5.044394119358453437633405175
40,554,3.459431618637297392623430057
50,1524,0.4954924020708108391994172498
50,2406,1.364857904659324428241520110
57,2424,3.343954401217361149741264876
83,205,6.044394119358453597804730366
83,249,1.261098529839613359408351294
83,1354,4.459431618637297552794755248
83,1490,7.555492649198066997255912958
83,1988,0.6715993465953837330894144851
83,2406,0.4954924020708108391994172498
135,880,5.044394119358453437633405175
205,83,6.044394119358453597804730366
249,83,1.261098529839613359408351294
249,456,1.114857904659324388198688812
249,565,0.4954924020708108391994172498
249,945,6.044394119358453597804730366
249,1354,0.4954924020708108391994172498
249,1490,6.044394119358453597804730366
249,1988,6.044394119358453597804730366
249,2424,2.343954401217361309912590066
259,465,1.364857904659324428241520110
259,511,0.7827104577064947908100838659
259,1483,1.761098529839613279322688698
259,1593,6.044394119358453597804730366
259,2036,7.044394119358453117290754793
259,2217,0.7827104577064947908100838659
310,2405,1.761098529839613279322688698
422,565,0.606603513181921968107342271
422,1524,1.114857904659324388198688812
422,2190,6.044394119358453597804730366
442,939,3.343954401217361149741264876
447,490,6.824289523296622141207600549
447,511,5.459431618637297712966080439
447,1483,1.364857904659324428241520110
447,1593,0.4954924020708108391994172498
447,1735,6.824289523296622141207600549
447,1926,4.874469117916141187442129749
456,249,1.114857904659324388198688812
456,565,10.91886323727459542593216088
456,945,5.459431618637297712966080439
456,1524,0.7186172794790352968605324372
456,2190,0.4954924020708108391994172498
456,2412,5.459431618637297712966080439
456,2424,0.1954435444995783449701433064
465,259,1.364857904659324428241520110
465,1593,0.4954924020708108391994172498
465,1997,2.652076696579693296913438354
465,2036,5.459431618637297712966080439
465,2217,5.459431618637297712966080439
490,447,6.824289523296622141207600549
490,511,0.7827104577064947908100838659
490,1735,8.805492649198066396613443491
511,259,0.7827104577064947908100838659
511,447,5.459431618637297712966080439
511,490,0.7827104577064947908100838659
511,1483,7.044394119358453117290754793
511,1593,1.511098529839613399451182592
511,1735,1.761098529839613279322688698
554,40,3.459431618637297392623430057
554,869,1.261098529839613359408351294
554,1353,0.5604882354842726041814894639
554,1492,5.604882354842726041814894639
554,2393,5.044394119358453437633405175
565,249,0.4954924020708108391994172498
565,422,0.606603513181921968107342271
565,456,10.91886323727459542593216088
565,945,1.364857904659324428241520110
565,1524,2.874469117916141187442129749
565,2190,1.114857904659324388198688812
565,2412,1.364857904659324428241520110
629,637,1.261098529839613359408351294
629,1001,4.459431618637297552794755248
637,629,1.261098529839613359408351294
637,1001,4.459431618637297552794755248
666,1532,7.044394119358453117290754793
838,1314,1.364857904659324428241520110
869,554,1.261098529839613359408351294
869,1353,7.044394119358453117290754793
869,1492,7.044394119358453117290754793
869,2393,0.7827104577064947908100838659
880,135,5.044394119358453437633405175
886,2374,7.044394119358453117290754793
911,969,0.896240625180289051295325077
911,1990,3
939,442,3.343954401217361149741264876
939,1524,0.3065546556106894738780683277
939,2190,0.835988600304340287435316219
945,249,6.044394119358453597804730366
945,456,5.459431618637297712966080439
945,565,1.364857904659324428241520110
945,2424,0.835988600304340287435316219
969,911,0.896240625180289051295325077
1001,629,4.459431618637297552794755248
1001,637,4.459431618637297552794755248
1040,1645,6.044394119358453597804730366
1148,1490,0.6715993465953837330894144851
1148,1656,0.9306165061177727464477042072
1148,1691,6.044394119358453597804730366
1148,1926,4.459431618637297552794755248
1148,2406,1.114857904659324388198688812
1156,1468,7.044394119358453117290754793
1278,2405,6.044394119358453597804730366
1314,3,5.044394119358453437633405175
1314,838,1.364857904659324428241520110
1353,554,0.5604882354842726041814894639
1353,869,7.044394119358453117290754793
1353,1492,1.761098529839613279322688698
1354,83,4.459431618637297552794755248
1354,249,0.4954924020708108391994172498
1354,1490,6.824289523296622141207600549
1354,1691,0.606603513181921968107342271
1354,2406,0.9686172794790352568177011398
1468,1156,7.044394119358453117290754793
1483,259,1.761098529839613279322688698
1483,447,1.364857904659324428241520110
1483,511,7.044394119358453117290754793
1483,1593,6.044394119358453597804730366
1483,1735,0.7827104577064947908100838659
1483,2036,0.7827104577064947908100838659
1490,83,7.555492649198066997255912958
1490,249,6.044394119358453597804730366
1490,1148,0.6715993465953837330894144851
1490,1354,6.824289523296622141207600549
1490,1691,1.761098529839613279322688698
1490,1988,1.761098529839613279322688698
1490,2406,5.459431618637297712966080439
1492,554,5.604882354842726041814894639
1492,869,7.044394119358453117290754793
1492,1353,1.761098529839613279322688698
1492,2393,1.761098529839613279322688698
1524,50,0.4954924020708108391994172498
1524,422,1.114857904659324388198688812
1524,456,0.7186172794790352968605324372
1524,565,2.874469117916141187442129749
1524,939,0.3065546556106894738780683277
1524,2033,2.874469117916141187442129749
1524,2137,0.8648579046593243481558575142
1524,2190,4.459431618637297552794755248
1524,2406,3.874469117916141027270804559
1524,2412,0.4954924020708108391994172498
1532,666,7.044394119358453117290754793
1593,259,6.044394119358453597804730366
1593,447,0.4954924020708108391994172498
1593,465,0.4954924020708108391994172498
1593,511,1.511098529839613399451182592
1593,1483,6.044394119358453597804730366
1593,2036,1.511098529839613399451182592
1645,1040,6.044394119358453597804730366
1656,1148,0.9306165061177727464477042072
1656,1691,0.5247184471634545717735713354
1656,1926,3.137503523749935100952166902
1681,2098,4.044394119358453277462079984
1681,2295,4.044394119358453277462079984
1691,1148,6.044394119358453597804730366
1691,1354,0.606603513181921968107342271
1691,1490,1.761098529839613279322688698
1691,1656,0.5247184471634545717735713354
1691,1926,1.364857904659324428241520110
1691,2406,5.459431618637297712966080439
1735,447,6.824289523296622141207600549
1735,490,8.805492649198066396613443491
1735,511,1.761098529839613279322688698
1735,1483,0.7827104577064947908100838659
1926,447,4.874469117916141187442129749
1926,1148,4.459431618637297552794755248
1926,1656,3.137503523749935100952166902
1926,1691,1.364857904659324428241520110
1926,2406,0.4304965686573490030300893954
1988,83,0.6715993465953837330894144851
1988,249,6.044394119358453597804730366
1988,1490,1.761098529839613279322688698
1990,911,3
1997,465,2.652076696579693296913438354
2033,1524,2.874469117916141187442129749
2033,2190,1.114857904659324388198688812
2036,259,7.044394119358453117290754793
2036,465,5.459431618637297712966080439
2036,1483,0.7827104577064947908100838659
2036,1593,1.511098529839613399451182592
2036,2217,1.761098529839613279322688698
2098,1681,4.044394119358453277462079984
2137,1524,0.8648579046593243481558575142
2137,2406,4.459431618637297552794755248
2190,422,6.044394119358453597804730366
2190,456,0.4954924020708108391994172498
2190,565,1.114857904659324388198688812
2190,939,0.835988600304340287435316219
2190,1524,4.459431618637297552794755248
2190,2033,1.114857904659324388198688812
2217,259,0.7827104577064947908100838659
2217,465,5.459431618637297712966080439
2217,2036,1.761098529839613279322688698
2295,1681,4.044394119358453277462079984
2374,886,7.044394119358453117290754793
2393,554,5.044394119358453437633405175
2393,869,0.7827104577064947908100838659
2393,1492,1.761098529839613279322688698
2405,310,1.761098529839613279322688698
2405,1278,6.044394119358453597804730366
2406,50,1.364857904659324428241520110
2406,83,0.4954924020708108391994172498
2406,1148,1.114857904659324388198688812
2406,1354,0.9686172794790352568177011398
2406,1490,5.459431618637297712966080439
2406,1524,3.874469117916141027270804559
2406,1691,5.459431618637297712966080439
2406,1926,0.4304965686573490030300893954
2406,2137,4.459431618637297552794755248
2412,456,5.459431618637297712966080439
2412,565,1.364857904659324428241520110
2412,1524,0.4954924020708108391994172498
2424,57,3.343954401217361149741264876
2424,249,2.343954401217361309912590066
2424,456,0.1954435444995783449701433064
2424,945,0.835988600304340287435316219
