4,8,3.058893689053568698503876384
4,83,0.450988187672618726481394577
4,150,4.058893689053568538332551193
4,341,0.764723422263392174625969096
8,4,3.058893689053568698503876384
8,229,0.910964047443681225921294173
8,335,0.5159840210860805626507224314
8,351,3.643856189774724903685176692
20,243,4.058893689053568538332551193
20,265,1.410964047443681145835631578
38,106,1.138705059304601532401617716
38,229,4.643856189774725063856501883
38,324,0.6270951321971916203713918123
58,106,3.643856189774724903685176692
58,332,5.643856189774724583342526311
65,345,5.804820237218406329820627354
79,106,3.643856189774724903685176692
83,4,0.450988187672618726481394577
83,150,1.410964047443681145835631578
83,341,4.643856189774725063856501883
106,38,1.138705059304601532401617716
106,58,3.643856189774724903685176692
106,79,3.643856189774724903685176692
106,159,0.6609640474436811858784628752
106,192,3.643856189774724903685176692
106,229,0.3995160464548472945754264490
106,324,3.643856189774724903685176692
106,332,0.910964047443681225921294173
123,185,5.643856189774724583342526311
123,341,1.160964047443681265964125471
150,4,4.058893689053568538332551193
150,83,1.410964047443681145835631578
150,341,4.643856189774725063856501883
154,156,4.643856189774725063856501883
156,154,4.643856189774725063856501883
159,106,0.6609640474436811858784628752
159,192,4.643856189774725063856501883
166,351,4.643856189774725063856501883
166,384,5.643856189774724583342526311
185,123,5.643856189774724583342526311
185,341,4.643856189774725063856501883
192,106,3.643856189774724903685176692
192,159,4.643856189774725063856501883
194,243,4.058893689053568538332551193
229,8,0.910964047443681225921294173
229,38,4.643856189774725063856501883
229,106,0.3995160464548472945754264490
229,324,0.2902410118609203164910313677
229,335,4.643856189774725063856501883
229,351,3.643856189774724903685176692
243,20,4.058893689053568538332551193
243,194,4.058893689053568538332551193
243,265,4.058893689053568538332551193
265,20,1.410964047443681145835631578
265,243,4.058893689053568538332551193
324,38,0.6270951321971916203713918123
324,106,3.643856189774724903685176692
324,229,0.2902410118609203164910313677
327,386,4.643856189774725063856501883
332,58,5.643856189774724583342526311
332,106,0.910964047443681225921294173
335,8,0.5159840210860805626507224314
335,229,4.643856189774725063856501883
335,351,1.160964047443681265964125471
341,4,0.764723422263392174625969096
341,83,4.643856189774725063856501883
341,123,1.160964047443681265964125471
341,150,4.643856189774725063856501883
341,185,4.643856189774725063856501883
345,65,5.804820237218406329820627354
351,8,3.643856189774724903685176692
351,166,4.643856189774725063856501883
351,229,3.643856189774724903685176692
351,335,1.160964047443681265964125471
351,384,1.160964047443681265964125471
384,166,5.643856189774724583342526311
384,351,1.160964047443681265964125471
386,327,4.643856189774725063856501883
