24,83,0.463325000160256970078361222
24,156,0.2606203125901445456690781874
24,189,1.847996906554950118691337461
24,338,1.042481250360578182676312750
24,341,3.169925001442312570533925807
38,40,5.695993813109899917040024540
38,65,2.169925001442312410362600616
38,159,0.7924812503605781426334814518
38,250,4.169925001442312730705250998
40,38,5.695993813109899917040024540
40,65,2.309996133193687648364171826
40,124,0.8899990332984218620375038344
40,159,0.2053329896172166798545930512
40,197,0.7119992266387374896300030675
40,250,0.7119992266387374896300030675
40,265,2.847996906554949958520012270
40,341,1.847996906554950118691337461
40,373,0.7119992266387374896300030675
65,38,2.169925001442312410362600616
65,40,2.309996133193687648364171826
65,147,3.522138890491458411704362008
65,189,3.695993813109900237382674922
65,197,0.3522138890491458411704362008
65,265,0.7924812503605781426334814518
65,373,3.169925001442312570533925807
67,229,5.169925001442312250191275425
72,150,5.169925001442312250191275425
83,24,0.463325000160256970078361222
83,156,5.169925001442312250191275425
83,338,5.169925001442312250191275425
83,341,1.042481250360578182676312750
87,189,1.847996906554950118691337461
87,271,4.169925001442312730705250998
87,391,4.169925001442312730705250998
106,189,2.847996906554949958520012270
124,40,0.8899990332984218620375038344
124,341,0.463325000160256970078361222
129,159,4.169925001442312730705250998
129,243,1.292481250360578062547818856
147,65,3.522138890491458411704362008
147,189,0.7119992266387374896300030675
150,72,5.169925001442312250191275425
156,24,0.2606203125901445456690781874
156,83,5.169925001442312250191275425
156,338,1.292481250360578062547818856
156,341,0.463325000160256970078361222
159,38,0.7924812503605781426334814518
159,40,0.2053329896172166798545930512
159,129,4.169925001442312730705250998
159,243,4.169925001442312730705250998
159,250,4.169925001442312730705250998
189,24,1.847996906554950118691337461
189,65,3.695993813109900237382674922
189,87,1.847996906554950118691337461
189,106,2.847996906554949958520012270
189,147,0.7119992266387374896300030675
189,391,0.7119992266387374896300030675
197,40,0.7119992266387374896300030675
197,65,0.3522138890491458411704362008
197,265,5.169925001442312250191275425
197,373,0.3231203125901445156369547141
229,67,5.169925001442312250191275425
243,129,1.292481250360578062547818856
243,159,4.169925001442312730705250998
250,38,4.169925001442312730705250998
250,40,0.7119992266387374896300030675
250,159,4.169925001442312730705250998
265,40,2.847996906554949958520012270
265,65,0.7924812503605781426334814518
265,197,5.169925001442312250191275425
265,373,0.5744361112713680277990306028
271,87,4.169925001442312730705250998
338,24,1.042481250360578182676312750
338,83,5.169925001442312250191275425
338,156,1.292481250360578062547818856
338,341,4.169925001442312730705250998
341,24,3.169925001442312570533925807
341,40,1.847996906554950118691337461
341,83,1.042481250360578182676312750
341,124,0.463325000160256970078361222
341,156,0.463325000160256970078361222
341,338,4.169925001442312730705250998
373,40,0.7119992266387374896300030675
373,65,3.169925001442312570533925807
373,197,0.3231203125901445156369547141
373,265,0.5744361112713680277990306028
391,87,4.169925001442312730705250998
391,189,0.7119992266387374896300030675
