65,72,0.8304820237218405729178157888
65,129,0.8304820237218405729178157888
65,211,3.321928094887362291671263155
67,159,3.321928094887362291671263155
67,246,0.8304820237218405729178157888
67,339,0.2076205059304601432294539472
72,65,0.8304820237218405729178157888
72,129,0.2076205059304601432294539472
72,211,0.3691031216541513657412514617
87,250,3.321928094887362291671263155
87,302,0.8304820237218405729178157888
129,65,0.8304820237218405729178157888
129,72,0.2076205059304601432294539472
129,211,3.321928094887362291671263155
159,67,3.321928094887362291671263155
159,246,3.321928094887362291671263155
159,339,0.3691031216541513657412514617
211,65,3.321928094887362291671263155
211,72,0.3691031216541513657412514617
211,129,3.321928094887362291671263155
246,67,0.8304820237218405729178157888
246,159,3.321928094887362291671263155
246,339,0.8304820237218405729178157888
250,87,3.321928094887362291671263155
250,302,3.321928094887362291671263155
302,87,0.8304820237218405729178157888
302,250,3.321928094887362291671263155
339,67,0.2076205059304601432294539472
339,159,0.3691031216541513657412514617
339,246,0.8304820237218405729178157888
