36,159,0.6462406251802890913381563748
36,218,2.584962500721156365352625499
36,378,2.584962500721156365352625499
134,136,2.584962500721156365352625499
134,211,0.2872180556356840405947361666
134,232,0.6462406251802890913381563748
134,345,0.9334586808159731319328925414
134,384,2.584962500721156365352625499
136,134,2.584962500721156365352625499
136,211,0.1615601562950722728345390937
136,232,2.584962500721156365352625499
136,345,0.9334586808159731319328925414
136,384,0.6462406251802890913381563748
159,36,0.6462406251802890913381563748
159,218,0.2872180556356840405947361666
159,378,2.584962500721156365352625499
211,134,0.2872180556356840405947361666
211,136,0.1615601562950722728345390937
211,232,0.1033985000288462546141050200
211,345,2.584962500721156365352625499
211,384,0.6462406251802890913381563748
218,36,2.584962500721156365352625499
218,159,0.2872180556356840405947361666
218,378,0.6462406251802890913381563748
232,134,0.6462406251802890913381563748
232,136,2.584962500721156365352625499
232,211,0.1033985000288462546141050200
232,345,2.746522657016228638187164593
232,384,0.2872180556356840405947361666
345,134,0.9334586808159731319328925414
345,136,0.9334586808159731319328925414
345,211,2.584962500721156365352625499
345,232,2.746522657016228638187164593
345,384,2.746522657016228638187164593
378,36,2.584962500721156365352625499
378,159,2.584962500721156365352625499
378,218,0.6462406251802890913381563748
384,134,2.584962500721156365352625499
384,136,0.6462406251802890913381563748
384,211,0.6462406251802890913381563748
384,232,0.2872180556356840405947361666
384,345,2.746522657016228638187164593
