49,159,4.459431618637297552794755248
65,142,0.3843812909596997102914922286
65,147,4.459431618637297552794755248
65,154,4.459431618637297552794755248
65,384,0.8982715993487941210756655465
93,106,4.459431618637297552794755248
93,339,1.114857904659324388198688812
93,368,4.459431618637297552794755248
93,384,0.7186172794790352968605324372
106,93,4.459431618637297552794755248
106,339,4.459431618637297552794755248
106,368,1.114857904659324388198688812
106,384,0.3193854575462379097157921943
142,65,0.3843812909596997102914922286
142,147,0.8648579046593243481558575142
142,154,0.2162144761648310870389643786
142,384,5.748938235832282374884259498
147,65,4.459431618637297552794755248
147,142,0.8648579046593243481558575142
147,154,1.114857904659324388198688812
147,384,3.193854575462379097157921943
154,65,4.459431618637297552794755248
154,142,0.2162144761648310870389643786
154,147,1.114857904659324388198688812
154,384,0.4343642222628835572134773843
159,49,4.459431618637297552794755248
339,93,1.114857904659324388198688812
339,106,4.459431618637297552794755248
339,368,0.4954924020708108391994172498
339,384,0.1796543198697588242151331093
368,93,4.459431618637297552794755248
368,106,1.114857904659324388198688812
368,339,0.4954924020708108391994172498
368,384,2.874469117916141187442129749
384,65,0.8982715993487941210756655465
384,93,0.7186172794790352968605324372
384,106,0.3193854575462379097157921943
384,142,5.748938235832282374884259498
384,147,3.193854575462379097157921943
384,154,0.4343642222628835572134773843
384,339,0.1796543198697588242151331093
384,368,2.874469117916141187442129749
