29,243,0.4031125164735004256671160323
29,283,1.199585145375991938659067250
29,316,1.199585145375991938659067250
29,396,4.152410118609202864589078944
32,106,3.321928094887362291671263155
32,339,0.8304820237218405729178157888
46,243,0.5804820237218406129606470865
46,302,0.2579920105430402724269542607
46,342,3.321928094887362291671263155
106,32,3.321928094887362291671263155
106,339,3.321928094887362291671263155
150,159,0.3691031216541513657412514617
150,189,4.152410118609202864589078944
150,302,2.321928094887362451842588346
159,150,0.3691031216541513657412514617
159,189,3.529548600817822434900717102
159,302,0.5804820237218406129606470865
189,150,4.152410118609202864589078944
189,159,3.529548600817822434900717102
189,302,2.902410118609203064803235432
243,29,0.4031125164735004256671160323
243,46,0.5804820237218406129606470865
243,283,2.321928094887362451842588346
243,302,1.321928094887362371756925751
243,342,2.321928094887362451842588346
243,396,0.5804820237218406129606470865
283,29,1.199585145375991938659067250
283,243,2.321928094887362451842588346
283,316,0.1328771237954944916668505262
283,396,3.321928094887362291671263155
302,46,0.2579920105430402724269542607
302,150,2.321928094887362451842588346
302,159,0.5804820237218406129606470865
302,189,2.902410118609203064803235432
302,243,1.321928094887362371756925751
302,342,0.5804820237218406129606470865
316,29,1.199585145375991938659067250
316,283,0.1328771237954944916668505262
316,396,0.2076205059304601432294539472
339,32,0.8304820237218405729178157888
339,106,3.321928094887362291671263155
342,46,3.321928094887362291671263155
342,243,2.321928094887362451842588346
342,302,0.5804820237218406129606470865
396,29,4.152410118609202864589078944
396,243,0.5804820237218406129606470865
396,283,3.321928094887362291671263155
396,316,0.2076205059304601432294539472
