106,141,2.222392421336448050700016586
106,154,4.444784842672896101400033172
106,159,0.5555981053341120126750041465
106,185,0.8025305965937173516416726561
106,189,0.2469324912596053389666685096
106,190,2.222392421336448050700016586
106,246,2.222392421336448050700016586
106,327,0.1388995263335280031687510366
106,406,2.222392421336448050700016586
141,106,2.222392421336448050700016586
141,154,0.7018387305144010639703292235
154,106,4.444784842672896101400033172
154,141,0.7018387305144010639703292235
154,159,0.3119283246730671395423685438
154,185,0.1129596826286002559818744814
154,190,0.7018387305144010639703292235
159,106,0.5555981053341120126750041465
159,154,0.3119283246730671395423685438
159,185,2.807354922057604255881316894
159,190,3.807354922057604095709991703
166,265,0.4230394357841782328566657448
166,342,0.9518387305144010239274979258
166,345,3.807354922057604095709991703
185,106,0.8025305965937173516416726561
185,154,0.1129596826286002559818744814
185,159,2.807354922057604255881316894
185,189,2.807354922057604255881316894
185,190,0.7018387305144010639703292235
185,246,2.807354922057604255881316894
185,327,0.7018387305144010639703292235
185,406,0.3119283246730671395423685438
189,106,0.2469324912596053389666685096
189,185,2.807354922057604255881316894
189,246,0.9518387305144010239274979258
189,327,3.807354922057604095709991703
189,406,0.2379596826286002559818744814
190,106,2.222392421336448050700016586
190,154,0.7018387305144010639703292235
190,159,3.807354922057604095709991703
190,185,0.7018387305144010639703292235
246,106,2.222392421336448050700016586
246,185,2.807354922057604255881316894
246,189,0.9518387305144010239274979258
246,327,0.4230394357841782328566657448
246,406,0.9518387305144010239274979258
265,166,0.4230394357841782328566657448
265,342,3.807354922057604095709991703
265,345,0.9518387305144010239274979258
327,106,0.1388995263335280031687510366
327,185,0.7018387305144010639703292235
327,189,3.807354922057604095709991703
327,246,0.4230394357841782328566657448
327,406,0.1522941968823041638283996681
341,354,0.9518387305144010239274979258
342,166,0.9518387305144010239274979258
342,265,3.807354922057604095709991703
342,345,3.807354922057604095709991703
345,166,3.807354922057604095709991703
345,265,0.9518387305144010239274979258
345,342,3.807354922057604095709991703
354,341,0.9518387305144010239274979258
406,106,2.222392421336448050700016586
406,185,0.3119283246730671395423685438
406,189,0.2379596826286002559818744814
406,246,0.9518387305144010239274979258
406,327,0.1522941968823041638283996681
