2,19,4.700439718141092287892140299
2,159,0.6424374510661618277293081784
2,161,0.925109929535273031930203777
2,192,0.1880175887256436915156856120
19,2,4.700439718141092287892140299
19,159,1.484287486943260286785793616
19,161,3.700439718141092127720815108
19,192,0.2937774823838182679932587687
27,91,1.175109929535273071973035075
27,150,0.346164135268881769171057200
27,348,0.2937774823838182679932587687
32,106,0.925109929535273031930203777
32,154,0.2312774823838182579825509442
32,283,2.700439718141092287892140299
32,332,0.1080175887256436915156856120
32,339,0.4111599686823435697467572342
65,67,3.700439718141092127720815108
65,137,0.6424374510661618277293081784
65,161,0.6751099295352730719730350748
65,226,0.2350530241577706580599460889
65,265,0.1080175887256436915156856120
65,276,0.925109929535273031930203777
65,302,2.700439718141092287892140299
67,65,3.700439718141092127720815108
67,137,1.697381009328727770627717330
67,265,0.2312774823838182579825509442
67,276,4.700439718141092287892140299
83,94,0.5222710797934546986546822554
83,100,0.2937774823838182679932587687
83,156,4.700439718141092287892140299
83,159,3.700439718141092127720815108
83,336,1.175109929535273071973035075
91,27,1.175109929535273071973035075
91,150,3.115477217419935922539514800
91,348,1.175109929535273071973035075
94,83,0.5222710797934546986546822554
94,100,4.700439718141092287892140299
94,156,0.2937774823838182679932587687
94,159,0.925109929535273031930203777
94,226,0.346164135268881769171057200
94,336,0.1880175887256436915156856120
100,83,0.2937774823838182679932587687
100,94,4.700439718141092287892140299
100,156,0.1880175887256436915156856120
100,159,0.4111599686823435697467572342
100,226,0.778869304354983980634878700
106,32,0.925109929535273031930203777
106,154,1.175109929535273071973035075
106,271,0.2937774823838182679932587687
106,283,3.700439718141092127720815108
106,332,0.4111599686823435697467572342
106,339,4.700439718141092287892140299
137,65,0.6424374510661618277293081784
137,67,1.697381009328727770627717330
137,265,4.625549647676365159651018885
137,276,5.875549647676365359865175374
150,27,0.346164135268881769171057200
150,91,3.115477217419935922539514800
150,151,0.528869304354983980634878700
150,189,3.115477217419935922539514800
150,197,3.115477217419935922539514800
150,218,0.346164135268881769171057200
150,229,3.115477217419935922539514800
150,265,0.528869304354983980634878700
150,283,2.200096306116733359441095392
150,302,0.661086630443729975793598375
150,311,0.973586630443729975793598375
150,322,3.115477217419935922539514800
150,323,0.778869304354983980634878700
150,332,2.200096306116733359441095392
150,348,3.115477217419935922539514800
150,412,0.778869304354983980634878700
151,150,0.528869304354983980634878700
151,189,3.700439718141092127720815108
151,218,0.1480175887256436851088326043
151,283,0.3000488575712324764324600332
151,311,0.2312774823838182579825509442
154,32,0.2312774823838182579825509442
154,106,1.175109929535273071973035075
154,271,1.175109929535273071973035075
154,283,0.4111599686823435697467572342
154,332,3.700439718141092127720815108
154,339,4.700439718141092287892140299
156,83,4.700439718141092287892140299
156,94,0.2937774823838182679932587687
156,100,0.1880175887256436915156856120
156,159,0.925109929535273031930203777
156,336,4.700439718141092287892140299
159,2,0.6424374510661618277293081784
159,19,1.484287486943260286785793616
159,83,3.700439718141092127720815108
159,94,0.925109929535273031930203777
159,100,0.4111599686823435697467572342
159,156,0.925109929535273031930203777
159,161,3.544327130060183627858434142
159,192,4.625549647676365159651018885
159,226,0.084619088696797436901580592
159,336,0.4111599686823435697467572342
161,2,0.925109929535273031930203777
161,19,3.700439718141092127720815108
161,65,0.6751099295352730719730350748
161,159,3.544327130060183627858434142
161,192,0.4111599686823435697467572342
161,226,2.115477217419935922539514800
161,302,2.700439718141092287892140299
189,150,3.115477217419935922539514800
189,151,3.700439718141092127720815108
189,218,0.2937774823838182679932587687
189,283,0.925109929535273031930203777
189,302,0.1480175887256436851088326043
189,311,0.5222710797934546986546822554
192,2,0.1880175887256436915156856120
192,19,0.2937774823838182679932587687
192,159,4.625549647676365159651018885
192,161,0.4111599686823435697467572342
197,150,3.115477217419935922539514800
197,218,0.2937774823838182679932587687
197,302,0.4111599686823435697467572342
197,311,0.1880175887256436915156856120
197,332,0.925109929535273031930203777
197,412,4.700439718141092287892140299
218,150,0.346164135268881769171057200
218,151,0.1480175887256436851088326043
218,189,0.2937774823838182679932587687
218,197,0.2937774823838182679932587687
218,283,0.925109929535273031930203777
218,302,3.700439718141092127720815108
218,311,4.700439718141092287892140299
218,332,0.925109929535273031930203777
218,412,0.1880175887256436915156856120
226,65,0.2350530241577706580599460889
226,94,0.346164135268881769171057200
226,100,0.778869304354983980634878700
226,159,0.084619088696797436901580592
226,161,2.115477217419935922539514800
226,302,0.528869304354983980634878700
226,368,3.115477217419935922539514800
229,150,3.115477217419935922539514800
229,265,0.4111599686823435697467572342
229,322,1.175109929535273071973035075
229,323,4.700439718141092287892140299
265,65,0.1080175887256436915156856120
265,67,0.2312774823838182579825509442
265,137,4.625549647676365159651018885
265,150,0.528869304354983980634878700
265,229,0.4111599686823435697467572342
265,276,0.4111599686823435697467572342
265,322,3.700439718141092127720815108
265,323,0.2312774823838182579825509442
271,106,0.2937774823838182679932587687
271,154,1.175109929535273071973035075
271,283,0.1480175887256436851088326043
271,332,3.700439718141092127720815108
271,339,0.5222710797934546986546822554
276,65,0.925109929535273031930203777
276,67,4.700439718141092287892140299
276,137,5.875549647676365359865175374
276,265,0.4111599686823435697467572342
283,32,2.700439718141092287892140299
283,106,3.700439718141092127720815108
283,150,2.200096306116733359441095392
283,151,0.3000488575712324764324600332
283,154,0.4111599686823435697467572342
283,189,0.925109929535273031930203777
283,218,0.925109929535273031930203777
283,271,0.1480175887256436851088326043
283,302,0.3000488575712324764324600332
283,311,3.700439718141092127720815108
283,332,0.4625549647676365159651018884
283,339,0.925109929535273031930203777
302,65,2.700439718141092287892140299
302,150,0.661086630443729975793598375
302,161,2.700439718141092287892140299
302,189,0.1480175887256436851088326043
302,197,0.4111599686823435697467572342
302,218,3.700439718141092127720815108
302,226,0.528869304354983980634878700
302,283,0.3000488575712324764324600332
302,311,0.925109929535273031930203777
302,332,2.700439718141092287892140299
302,412,0.2312774823838182579825509442
311,150,0.973586630443729975793598375
311,151,0.2312774823838182579825509442
311,189,0.5222710797934546986546822554
311,197,0.1880175887256436915156856120
311,218,4.700439718141092287892140299
311,283,3.700439718141092127720815108
311,302,0.925109929535273031930203777
311,332,0.4111599686823435697467572342
322,150,3.115477217419935922539514800
322,229,1.175109929535273071973035075
322,265,3.700439718141092127720815108
322,323,0.5222710797934546986546822554
323,150,0.778869304354983980634878700
323,229,4.700439718141092287892140299
323,265,0.2312774823838182579825509442
323,322,0.5222710797934546986546822554
332,32,0.1080175887256436915156856120
332,106,0.4111599686823435697467572342
332,150,2.200096306116733359441095392
332,154,3.700439718141092127720815108
332,197,0.925109929535273031930203777
332,218,0.925109929535273031930203777
332,271,3.700439718141092127720815108
332,283,0.4625549647676365159651018884
332,302,2.700439718141092287892140299
332,311,0.4111599686823435697467572342
332,339,0.925109929535273031930203777
332,412,0.4111599686823435697467572342
336,83,1.175109929535273071973035075
336,94,0.1880175887256436915156856120
336,156,4.700439718141092287892140299
336,159,0.4111599686823435697467572342
339,32,0.4111599686823435697467572342
339,106,4.700439718141092287892140299
339,154,4.700439718141092287892140299
339,271,0.5222710797934546986546822554
339,283,0.925109929535273031930203777
339,332,0.925109929535273031930203777
348,27,0.2937774823838182679932587687
348,91,1.175109929535273071973035075
348,150,3.115477217419935922539514800
368,226,3.115477217419935922539514800
412,150,0.778869304354983980634878700
412,197,4.700439718141092287892140299
412,218,0.1880175887256436915156856120
412,302,0.2312774823838182579825509442
412,332,0.4111599686823435697467572342
