34,71,2.584962500721156365352625499
34,154,0.6462406251802890913381563748
34,341,1.584962500721156205181300308
34,396,0.396240625180289051295325077
46,137,0.2872180556356840405947361666
46,246,2.584962500721156365352625499
46,341,0.396240625180289051295325077
46,396,0.396240625180289051295325077
71,34,2.584962500721156365352625499
71,154,0.2872180556356840405947361666
71,341,0.396240625180289051295325077
71,396,1.584962500721156205181300308
137,46,0.2872180556356840405947361666
137,246,0.1615601562950722728345390937
137,341,0.06339850002884624820725201232
137,396,1.584962500721156205181300308
154,34,0.6462406251802890913381563748
154,71,0.2872180556356840405947361666
154,341,1.584962500721156205181300308
154,396,0.09906015629507226282383126925
246,46,2.584962500721156365352625499
246,137,0.1615601562950722728345390937
246,341,1.584962500721156205181300308
246,396,0.1761069445245729116868111453
341,34,1.584962500721156205181300308
341,46,0.396240625180289051295325077
341,71,0.396240625180289051295325077
341,137,0.06339850002884624820725201232
341,154,1.584962500721156205181300308
341,246,1.584962500721156205181300308
341,396,0.2751671008196451745106424146
396,34,0.396240625180289051295325077
396,46,0.396240625180289051295325077
396,71,1.584962500721156205181300308
396,137,1.584962500721156205181300308
396,154,0.09906015629507226282383126925
396,246,0.1761069445245729116868111453
396,341,0.2751671008196451745106424146
