23,54,0.6462406251802890913381563748
23,236,2.584962500721156365352625499
38,65,2.584962500721156365352625499
38,142,0.2872180556356840405947361666
38,327,2.584962500721156365352625499
38,380,0.1615601562950722728345390937
38,401,0.7496391252091353459522613948
54,23,0.6462406251802890913381563748
54,236,2.584962500721156365352625499
65,38,2.584962500721156365352625499
65,142,0.6462406251802890913381563748
65,143,0.1033985000288462546141050200
65,327,0.6462406251802890913381563748
65,380,0.2872180556356840405947361666
65,401,2.746522657016228638187164593
142,38,0.2872180556356840405947361666
142,65,0.6462406251802890913381563748
142,143,0.2872180556356840405947361666
142,189,0.1033985000288462546141050200
142,246,0.1615601562950722728345390937
142,327,0.1615601562950722728345390937
142,380,2.584962500721156365352625499
142,401,3.231203125901445456690781874
143,65,0.1033985000288462546141050200
143,142,0.2872180556356840405947361666
143,189,0.6462406251802890913381563748
143,246,2.584962500721156365352625499
143,380,0.6462406251802890913381563748
143,401,2.746522657016228638187164593
159,283,2.584962500721156365352625499
189,142,0.1033985000288462546141050200
189,143,0.6462406251802890913381563748
189,246,2.584962500721156365352625499
189,380,0.1615601562950722728345390937
189,401,0.2872180556356840405947361666
236,23,2.584962500721156365352625499
236,54,2.584962500721156365352625499
246,142,0.1615601562950722728345390937
246,143,2.584962500721156365352625499
246,189,2.584962500721156365352625499
246,380,0.2872180556356840405947361666
246,401,0.7496391252091353459522613948
283,159,2.584962500721156365352625499
327,38,2.584962500721156365352625499
327,65,0.6462406251802890913381563748
327,142,0.1615601562950722728345390937
327,380,0.1033985000288462546141050200
327,401,0.2872180556356840405947361666
380,38,0.1615601562950722728345390937
380,65,0.2872180556356840405947361666
380,142,2.584962500721156365352625499
380,143,0.6462406251802890913381563748
380,189,0.1615601562950722728345390937
380,246,0.2872180556356840405947361666
380,327,0.1033985000288462546141050200
380,401,3.231203125901445456690781874
401,38,0.7496391252091353459522613948
401,65,2.746522657016228638187164593
401,142,3.231203125901445456690781874
401,143,2.746522657016228638187164593
401,189,0.2872180556356840405947361666
401,246,0.7496391252091353459522613948
401,327,0.2872180556356840405947361666
401,380,3.231203125901445456690781874
