16,143,0.6462406251802890913381563748
16,341,1.584962500721156205181300308
87,232,2.584962500721156365352625499
87,263,2.584962500721156365352625499
87,327,0.396240625180289051295325077
87,332,0.6462406251802890913381563748
87,341,0.1761069445245729116868111453
143,16,0.6462406251802890913381563748
143,341,1.584962500721156205181300308
232,87,2.584962500721156365352625499
232,263,0.6462406251802890913381563748
232,327,0.1761069445245729116868111453
232,332,2.584962500721156365352625499
232,341,0.09906015629507226282383126925
263,87,2.584962500721156365352625499
263,232,0.6462406251802890913381563748
263,327,1.584962500721156205181300308
263,332,0.2872180556356840405947361666
263,341,0.396240625180289051295325077
327,87,0.396240625180289051295325077
327,232,0.1761069445245729116868111453
327,263,1.584962500721156205181300308
327,332,0.09906015629507226282383126925
327,341,1
332,87,0.6462406251802890913381563748
332,232,2.584962500721156365352625499
332,263,0.2872180556356840405947361666
332,327,0.09906015629507226282383126925
332,341,0.06339850002884624820725201232
341,16,1.584962500721156205181300308
341,87,0.1761069445245729116868111453
341,143,1.584962500721156205181300308
341,232,0.09906015629507226282383126925
341,263,0.396240625180289051295325077
341,327,1
341,332,0.06339850002884624820725201232
