19,80,1.175109929535273071973035075
19,239,4.700439718141092287892140299
20,246,4.700439718141092287892140299
46,106,3.700439718141092127720815108
80,19,1.175109929535273071973035075
80,239,4.700439718141092287892140299
96,265,4.700439718141092287892140299
106,46,3.700439718141092127720815108
106,215,0.4111599686823435697467572342
106,282,3.700439718141092127720815108
106,372,0.925109929535273031930203777
164,189,1.175109929535273071973035075
164,254,4.700439718141092287892140299
189,164,1.175109929535273071973035075
189,254,4.700439718141092287892140299
208,332,4.700439718141092287892140299
208,383,1.175109929535273071973035075
215,106,0.4111599686823435697467572342
215,282,1.175109929535273071973035075
215,372,4.700439718141092287892140299
218,342,4.700439718141092287892140299
239,19,4.700439718141092287892140299
239,80,4.700439718141092287892140299
246,20,4.700439718141092287892140299
254,164,4.700439718141092287892140299
254,189,4.700439718141092287892140299
265,96,4.700439718141092287892140299
271,384,4.700439718141092287892140299
282,106,3.700439718141092127720815108
282,215,1.175109929535273071973035075
282,372,4.700439718141092287892140299
332,208,4.700439718141092287892140299
332,383,4.700439718141092287892140299
342,218,4.700439718141092287892140299
372,106,0.925109929535273031930203777
372,215,4.700439718141092287892140299
372,282,4.700439718141092287892140299
383,208,1.175109929535273071973035075
383,332,4.700439718141092287892140299
384,271,4.700439718141092287892140299
