58,106,3.584962500721156205181300308
58,135,0.896240625180289051295325077
58,384,0.2872180556356840405947361666
61,152,5.169925001442312730705250998
61,339,0.2872180556356840405947361666
61,342,0.6462406251802890913381563748
61,386,0.6462406251802890913381563748
106,58,3.584962500721156205181300308
106,135,3.584962500721156205181300308
106,384,0.6462406251802890913381563748
118,374,0.3983291667467951339090333676
118,384,2.584962500721156365352625499
135,58,0.896240625180289051295325077
135,106,3.584962500721156205181300308
135,384,2.584962500721156365352625499
152,61,5.169925001442312730705250998
152,339,0.6462406251802890913381563748
152,342,2.584962500721156365352625499
152,386,0.2872180556356840405947361666
339,61,0.2872180556356840405947361666
339,152,0.6462406251802890913381563748
339,342,3.584962500721156205181300308
339,386,0.1433985000288462482072520123
342,61,0.6462406251802890913381563748
342,152,2.584962500721156365352625499
342,339,3.584962500721156205181300308
342,386,0.2240601562950722628238312692
374,118,0.3983291667467951339090333676
374,384,0.6462406251802890913381563748
384,58,0.2872180556356840405947361666
384,106,0.6462406251802890913381563748
384,118,2.584962500721156365352625499
384,135,2.584962500721156365352625499
384,374,0.6462406251802890913381563748
386,61,0.6462406251802890913381563748
386,152,0.2872180556356840405947361666
386,339,0.1433985000288462482072520123
386,342,0.2240601562950722628238312692
