4,159,1.042481250360578182676312750
4,194,0.463325000160256970078361222
4,229,0.2606203125901445456690781874
4,263,0.1667970000576925092282100399
4,348,1.042481250360578182676312750
4,406,4.169925001442312730705250998
21,332,1.042481250360578182676312750
159,4,1.042481250360578182676312750
159,194,0.1667970000576925092282100399
159,348,0.2606203125901445456690781874
159,406,4.169925001442312730705250998
194,4,0.463325000160256970078361222
194,159,0.1667970000576925092282100399
194,229,4.169925001442312730705250998
194,263,1.042481250360578182676312750
194,348,4.169925001442312730705250998
194,406,0.2606203125901445456690781874
229,4,0.2606203125901445456690781874
229,194,4.169925001442312730705250998
229,263,4.169925001442312730705250998
229,348,1.042481250360578182676312750
229,406,0.1667970000576925092282100399
263,4,0.1667970000576925092282100399
263,194,1.042481250360578182676312750
263,229,4.169925001442312730705250998
263,348,0.463325000160256970078361222
324,327,4.169925001442312730705250998
327,324,4.169925001442312730705250998
332,21,1.042481250360578182676312750
348,4,1.042481250360578182676312750
348,159,0.2606203125901445456690781874
348,194,4.169925001442312730705250998
348,229,1.042481250360578182676312750
348,263,0.463325000160256970078361222
348,406,0.463325000160256970078361222
406,4,4.169925001442312730705250998
406,159,4.169925001442312730705250998
406,194,0.2606203125901445456690781874
406,229,0.1667970000576925092282100399
406,348,0.463325000160256970078361222
