65,189,2.584962500721156365352625499
65,218,0.6462406251802890913381563748
65,332,2.584962500721156365352625499
67,78,2.584962500721156365352625499
67,161,0.6462406251802890913381563748
67,196,0.6462406251802890913381563748
78,67,2.584962500721156365352625499
78,161,2.584962500721156365352625499
78,196,0.2872180556356840405947361666
161,67,0.6462406251802890913381563748
161,78,2.584962500721156365352625499
161,196,0.1615601562950722728345390937
189,65,2.584962500721156365352625499
189,218,0.2872180556356840405947361666
189,332,0.6462406251802890913381563748
196,67,0.6462406251802890913381563748
196,78,0.2872180556356840405947361666
196,161,0.1615601562950722728345390937
218,65,0.6462406251802890913381563748
218,189,0.2872180556356840405947361666
218,332,2.584962500721156365352625499
332,65,2.584962500721156365352625499
332,189,0.6462406251802890913381563748
332,218,2.584962500721156365352625499
