5,36,3
5,345,11
36,5,3
36,65,3
36,129,1.333333333333333333333333333
36,156,0.75
36,201,12
36,345,13.75
65,36,3
65,129,13
65,156,3.25
65,201,1.444444444444444444444444444
65,345,0.6875
129,36,1.333333333333333333333333333
129,65,13
129,156,13
129,201,0.8125
129,345,0.44
150,345,11
156,36,0.75
156,65,3.25
156,129,13
156,201,0.52
201,36,12
201,65,1.444444444444444444444444444
201,129,0.8125
201,156,0.52
201,345,11
345,5,11
345,36,13.75
345,65,0.6875
345,129,0.44
345,150,11
345,201,11
