4,65,11
4,260,12
65,4,11
65,156,3.972222222222222222222222222
65,201,13.75
65,248,14.97222222222222222222222222
65,260,2.75
65,351,14.19
156,65,3.972222222222222222222222222
156,201,0.75
156,248,0.48
156,351,12
201,65,13.75
201,156,0.75
201,248,12
201,351,1.333333333333333333333333333
248,65,14.97222222222222222222222222
248,156,0.48
248,201,12
248,351,0.75
260,4,12
260,65,2.75
351,65,14.19
351,156,12
351,201,1.333333333333333333333333333
351,248,0.75
