34,101,1.222222222222222222222222222
34,197,0.6875
34,213,2.75
34,399,0.44
79,101,0.6875
79,197,1.222222222222222222222222222
79,213,0.44
79,399,2.75
101,34,1.222222222222222222222222222
101,79,0.6875
101,197,11
101,213,11
101,399,2.75
197,34,0.6875
197,79,1.222222222222222222222222222
197,101,11
197,213,2.75
197,399,11
213,34,2.75
213,79,0.44
213,101,11
213,197,2.75
213,399,1.222222222222222222222222222
399,34,0.44
399,79,2.75
399,101,2.75
399,197,11
399,213,1.222222222222222222222222222
