71,101,11
71,126,0.6875
71,129,2.75
71,162,1.222222222222222222222222222
71,281,1.222222222222222222222222222
101,71,11
101,126,1.222222222222222222222222222
101,129,11
101,162,0.6875
101,281,2.75
126,71,0.6875
126,101,1.222222222222222222222222222
126,129,2.75
126,281,11
129,71,2.75
129,101,11
129,126,2.75
129,162,0.44
129,281,11
162,71,1.222222222222222222222222222
162,101,0.6875
162,129,0.44
281,71,1.222222222222222222222222222
281,101,2.75
281,126,11
281,129,11
